epoch    train loss    valid loss    train/val  dur
-------  ------------  ------------  -----------  ------
      1       0.81959       0.35637      2.29982  33.33s
      2       0.35076       0.33185      1.05697  33.77s
      3       0.34593       0.34722      0.99629  33.32s
      4       0.34176       0.33005      1.03548  33.32s
      5       0.33724       0.33636      1.00262  33.45s
      6       0.33381       0.31449      1.06146  33.36s
      7       0.32628       0.31758      1.02740  33.35s
      8       0.32295       0.30523      1.05807  33.35s
      9       0.31561       0.29779      1.05982  33.41s
     10       0.31027       0.29021      1.06912  33.41s
     11       0.30560       0.27598      1.10733  33.39s
     12       0.29559       0.27032      1.09347  33.43s
     13       0.29274       0.28089      1.04216  33.44s
     14       0.29204       0.27388      1.06632  33.52s
     15       0.28434       0.26686      1.06548  33.41s
     16       0.28197       0.26834      1.05082  33.49s
     17       0.27812       0.25214      1.10300  33.50s
     18       0.26891       0.24408      1.10170  33.46s
     19       0.26624       0.24753      1.07560  33.46s
     20       0.26261       0.23226      1.13066  33.60s
     21       0.25720       0.24267      1.05990  33.47s
     22       0.25431       0.22463      1.13217  33.43s
     23       0.24983       0.23289      1.07272  33.45s
     24       0.24914       0.23058      1.08053  33.40s
     25       0.24429       0.21397      1.14171  33.41s
     26       0.23817       0.20981      1.13521  33.46s
     27       0.23229       0.20927      1.11001  33.49s
     28       0.23239       0.20620      1.12702  33.50s
     29       0.22808       0.19178      1.18931  33.42s
     30       0.22356       0.19585      1.14146  33.46s
     31       0.21947       0.19749      1.11130  33.41s
     32       0.21577       0.19018      1.13454  33.42s
     33       0.21413       0.18127      1.18130  33.49s
     34       0.21188       0.18284      1.15884  33.52s
     35       0.20806       0.18007      1.15542  33.48s
     36       0.20425       0.17461      1.16977  33.48s
     37       0.19986       0.17176      1.16360  33.47s
     38       0.19803       0.16393      1.20799  33.44s
     39       0.19473       0.16197      1.20229  33.46s
     40       0.19105       0.16016      1.19293  33.45s
     41       0.18687       0.17001      1.09919  33.51s
     42       0.18624       0.15583      1.19514  33.44s
     43       0.18376       0.14953      1.22890  33.46s
     44       0.17816       0.16021      1.11207  33.44s
     45       0.18043       0.14743      1.22388  33.45s
     46       0.17323       0.14652      1.18229  33.43s
     47       0.17431       0.14489      1.20302  33.40s
     48       0.16996       0.14932      1.13821  33.43s
     49       0.16839       0.14758      1.14102  33.52s
     50       0.16473       0.13261      1.24217  33.40s
     51       0.15992       0.12947      1.23512  33.44s
     52       0.15892       0.13423      1.18391  33.50s
     53       0.15744       0.12527      1.25680  33.43s
     54       0.15398       0.12879      1.19563  33.49s
     55       0.15211       0.12529      1.21406  33.48s
     56       0.14739       0.12004      1.22780  33.48s
     57       0.14652       0.12036      1.21731  33.42s
     58       0.14217       0.11360      1.25159  33.50s
     59       0.14347       0.11873      1.20832  33.51s
     60       0.14230       0.11686      1.21769  33.42s
     61       0.13301       0.11039      1.20486  33.49s
     62       0.13725       0.11856      1.15763  34.24s
     63       0.13206       0.10232      1.29064  34.15s
     64       0.12697       0.10712      1.18529  34.13s
     65       0.12679       0.10361      1.22362  34.17s
     66       0.12380       0.09767      1.26753  34.18s
     67       0.12126       0.10997      1.10270  34.20s
     68       0.12184       0.09170      1.32871  34.21s
     69       0.11822       0.09775      1.20941  34.15s
     70       0.11858       0.09217      1.28645  34.16s
     71       0.11490       0.09071      1.26663  34.17s
     72       0.11102       0.08634      1.28586  34.18s
     73       0.10973       0.08535      1.28571  34.17s
     74       0.10967       0.08228      1.33282  34.19s
     75       0.10649       0.08093      1.31582  34.16s
     76       0.10287       0.08027      1.28157  34.19s
     77       0.10314       0.08100      1.27330  34.16s
     78       0.10346       0.07772      1.33125  34.16s
     79       0.09920       0.08063      1.23032  34.15s
     80       0.09557       0.08279      1.15440  34.19s
     81       0.09575       0.08303      1.15325  34.17s
     82       0.09390       0.07321      1.28272  34.19s
     83       0.09111       0.07553      1.20623  34.23s
     84       0.08887       0.06856      1.29619  34.16s
     85       0.09010       0.06654      1.35400  34.15s
     86       0.08563       0.07282      1.17592  34.18s
     87       0.08552       0.06607      1.29445  34.16s
     88       0.08194       0.06346      1.29133  34.15s
     89       0.08119       0.06029      1.34666  34.18s
     90       0.08007       0.06421      1.24697  34.17s
     91       0.07812       0.06038      1.29370  34.16s
     92       0.07558       0.05896      1.28192  34.19s
     93       0.07594       0.05585      1.35977  34.17s
     94       0.07107       0.05356      1.32677  34.20s
     95       0.07091       0.05617      1.26240  34.15s
     96       0.07188       0.05531      1.29952  34.19s
     97       0.07205       0.05504      1.30918  34.15s
     98       0.06873       0.05274      1.30319  34.18s
     99       0.06841       0.06614      1.03427  34.16s
    100       0.06957       0.04978      1.39764  34.17s
    101       0.06475       0.04938      1.31119  34.29s
    102       0.06061       0.05067      1.19628  34.20s
    103       0.06151       0.05126      1.19982  34.21s
    104       0.06019       0.04569      1.31720  34.20s
    105       0.05934       0.04369      1.35798  34.16s
    106       0.05820       0.04900      1.18787  34.16s
    107       0.05731       0.04618      1.24095  34.20s
    108       0.05454       0.05013      1.08794  34.18s
    109       0.05669       0.04163      1.36176  34.17s
    110       0.05419       0.03929      1.37905  34.26s
    111       0.05145       0.04076      1.26219  34.23s
    112       0.05074       0.03831      1.32456  34.20s
    113       0.05024       0.03698      1.35854  34.18s
    114       0.05152       0.03680      1.40014  34.16s
    115       0.04782       0.03869      1.23607  34.21s
    116       0.04917       0.04197      1.17172  34.23s
    117       0.04875       0.03636      1.34082  34.32s
    118       0.04863       0.03952      1.23070  34.16s
    119       0.04604       0.03271      1.40779  34.17s
    120       0.04463       0.03199      1.39518  34.30s
    121       0.04539       0.03198      1.41903  34.16s
    122       0.04435       0.03408      1.30135  34.21s
    123       0.04209       0.03745      1.12401  34.22s
    124       0.04112       0.03885      1.05840  34.23s
    125       0.04259       0.03169      1.34418  34.22s
    126       0.04017       0.03206      1.25296  33.76s
    127       0.04103       0.03152      1.30181  33.48s
    128       0.03788       0.02775      1.36483  33.61s
    129       0.03819       0.02923      1.30632  33.45s
    130       0.03702       0.03406      1.08696  33.44s
    131       0.03808       0.02881      1.32188  33.47s
    132       0.03665       0.02875      1.27442  33.45s
    133       0.03568       0.02736      1.30415  33.46s
    134       0.03445       0.02460      1.40062  33.46s
    135       0.03374       0.02509      1.34468  33.47s
    136       0.03421       0.02825      1.21079  33.38s
    137       0.03268       0.02466      1.32522  33.42s
    138       0.03342       0.02458      1.35960  33.43s
    139       0.03113       0.02485      1.25299  33.51s
    140       0.02933       0.02541      1.15425  33.48s
    141       0.03052       0.02642      1.15544  33.43s
    142       0.02973       0.02111      1.40824  33.51s
    143       0.03042       0.02160      1.40871  33.40s
    144       0.02872       0.02149      1.33662  33.42s
    145       0.02782       0.02070      1.34398  33.42s
    146       0.02624       0.02004      1.30956  33.62s
    147       0.02778       0.01908      1.45611  33.47s
    148       0.02765       0.02113      1.30881  33.44s
    149       0.02697       0.01927      1.39946  33.46s
    150       0.02551       0.02142      1.19105  33.48s
    151       0.02662       0.01809      1.47120  33.47s
    152       0.02495       0.01786      1.39662  33.47s
    153       0.02378       0.01776      1.33876  33.43s
    154       0.02444       0.01911      1.27933  33.46s
    155       0.02406       0.01812      1.32772  33.47s
    156       0.02241       0.01872      1.19709  33.44s
    157       0.02355       0.01765      1.33437  33.46s
    158       0.02334       0.01944      1.20056  33.49s
    159       0.02212       0.01713      1.29169  33.49s
    160       0.02454       0.01639      1.49740  33.47s
    161       0.02087       0.01575      1.32484  33.46s
    162       0.02130       0.02148      0.99180  33.48s
    163       0.02294       0.02065      1.11114  33.48s
    164       0.02118       0.01545      1.37133  33.50s
    165       0.02112       0.01586      1.33174  33.44s
    166       0.02038       0.01615      1.26238  33.48s
    167       0.01979       0.01875      1.05542  33.48s
    168       0.01888       0.01559      1.21070  33.45s
    169       0.01861       0.01415      1.31478  33.47s
    170       0.01956       0.01752      1.11638  33.47s
    171       0.01795       0.01476      1.21674  33.48s
    172       0.01758       0.01598      1.09983  33.43s
    173       0.01911       0.01733      1.10223  33.43s
    174       0.01901       0.01324      1.43560  33.43s
    175       0.01870       0.01554      1.20330  33.46s
    176       0.01651       0.01349      1.22428  33.45s
    177       0.01695       0.01672      1.01371  33.45s
    178       0.01699       0.01566      1.08466  33.47s
    179       0.01815       0.01521      1.19294  33.50s
    180       0.01523       0.01275      1.19497  33.42s
    181       0.01687       0.01670      1.01037  33.47s
    182       0.01710       0.01291      1.32464  33.50s
    183       0.01617       0.01222      1.32278  33.50s
    184       0.01608       0.01333      1.20570  33.41s
    185       0.01602       0.01560      1.02644  33.49s
    186       0.01583       0.01329      1.19076  33.51s
    187       0.01591       0.01112      1.43001  33.47s
    188       0.01650       0.01192      1.38443  33.49s
    189       0.01528       0.01541      0.99149  33.58s
    190       0.01502       0.01262      1.19049  33.45s
    191       0.01517       0.01230      1.23336  33.48s
    192       0.01447       0.01290      1.12137  33.43s
    193       0.01430       0.01323      1.08131  33.50s
    194       0.01402       0.01302      1.07650  33.57s
    195       0.01322       0.01015      1.30250  33.46s
    196       0.01353       0.01161      1.16625  33.43s
    197       0.01338       0.01209      1.10605  33.52s
    198       0.01384       0.01190      1.16325  33.46s
    199       0.01466       0.01383      1.06038  33.57s
    200       0.01381       0.01257      1.09883  33.53s
    201       0.01359       0.01232      1.10305  33.48s
    202       0.01366       0.01313      1.04051  33.56s
    203       0.01400       0.01239      1.13012  33.37s
    204       0.01361       0.01316      1.03405  33.34s
    205       0.01290       0.00990      1.30305  33.45s
    206       0.01190       0.01158      1.02805  33.37s
    207       0.01272       0.01162      1.09532  33.21s
    208       0.01181       0.00949      1.24474  33.31s
    209       0.01242       0.01497      0.82966  33.33s
    210       0.01353       0.01110      1.21898  33.38s
    211       0.01197       0.00959      1.24881  33.19s
    212       0.01083       0.01098      0.98606  33.45s
    213       0.01080       0.01096      0.98534  33.26s
    214       0.01140       0.00975      1.16995  33.33s
    215       0.01151       0.01020      1.12904  33.39s
    216       0.01109       0.01052      1.05411  33.18s
    217       0.01142       0.00950      1.20178  33.26s
    218       0.01064       0.00939      1.13308  33.40s
    219       0.01000       0.01002      0.99806  33.41s
    220       0.01048       0.01062      0.98704  33.35s
    221       0.00993       0.00972      1.02118  34.48s
    222       0.00994       0.00864      1.14997  34.30s
    223       0.01018       0.01134      0.89805  33.94s
    224       0.01010       0.00824      1.22605  34.09s
    225       0.01010       0.01064      0.94870  34.11s
    226       0.01167       0.00891      1.30973  33.91s
    227       0.00976       0.00942      1.03546  33.99s
    228       0.01035       0.00767      1.34856  33.94s
    229       0.00965       0.00855      1.12899  34.22s
    230       0.00999       0.00889      1.12367  34.16s
    231       0.00901       0.01049      0.85841  34.18s
    232       0.00969       0.00818      1.18392  33.94s
    233       0.00894       0.00752      1.18805  34.15s
    234       0.00941       0.00853      1.10373  34.11s
    235       0.00938       0.01094      0.85729  34.03s
    236       0.00988       0.00824      1.19938  33.97s
    237       0.00920       0.00834      1.10317  34.13s
    238       0.00863       0.00935      0.92312  33.93s
    239       0.00860       0.00775      1.11000  33.97s
    240       0.00744       0.00726      1.02525  34.28s
    241       0.00781       0.00753      1.03739  34.18s
    242       0.00835       0.00841      0.99367  34.16s
    243       0.00795       0.00777      1.02288  34.21s
    244       0.00844       0.00757      1.11470  34.22s
    245       0.00770       0.00785      0.98034  34.19s
    246       0.00807       0.00653      1.23474  34.29s
    247       0.00755       0.00933      0.80868  33.95s
    248       0.00905       0.00711      1.27359  33.99s
    249       0.00804       0.00796      1.00981  33.94s
    250       0.00848       0.00745      1.13839  34.00s
    251       0.00800       0.00696      1.14931  33.39s
    252       0.00743       0.00771      0.96406  33.49s
    253       0.00696       0.00733      0.94947  33.33s
    254       0.00694       0.00646      1.07490  33.42s
    255       0.00768       0.00791      0.97001  33.39s
    256       0.00780       0.00763      1.02258  33.37s
    257       0.00718       0.00721      0.99591  33.27s
    258       0.00802       0.00728      1.10152  33.37s
    259       0.00601       0.00621      0.96805  33.37s
    260       0.00695       0.00765      0.90933  33.39s
    261       0.00753       0.00984      0.76557  33.30s
    262       0.00791       0.00734      1.07747  33.36s
    263       0.00647       0.00583      1.10991  33.35s
    264       0.00746       0.00655      1.13938  33.31s
    265       0.00717       0.00771      0.92942  33.35s
    266       0.00747       0.00664      1.12461  33.20s
    267       0.00611       0.00632      0.96713  33.36s
    268       0.00627       0.00659      0.95124  33.46s

